33.1
7.42
18.55
35.26
23.87
23.83
21.66
19.91
21.81
22.22
22.27
19.72
49.27
13.74
10.08
24.73
22.93
34.92
38.84
21.35
19.31
14.11
30.78
15.66
24.73
20.56
31.19
11.04
35.18
24.44
26.66
29.86
16.14
20.12
32.32
18.1
33.05
19.04
16.74
23.86
45.85
17.58
18.53
21.75
18.47
25.7
21.25
23.43
9.38
16.87
18.47
21.17
18.98
18.28
20.59
23.45
20.42
26.17
17.35
25.57
19.52
25.49
14.06
11.97
29.6
27.41
27.12
15.78
11.48
25.64
10.46
23.16
19.91
22.17
11.62
30.81
20.69
25.43
19.64
15.21
16.28
13.54
21.09
14.93
12.91
23.22
24.96
22.39
25.48
12.53
27.17
35.05
26.66
21.88
17.86
21.82
21.64
14.89
15.59
18.28
16.78
24
32.56
21.1
14.27
15.74
27.17
15.04
36.48
10.46
15.47
13.87
17.65
22.15
12.32
22.29
16.33
29.41
14.46
25.09
20.8
18.79
11.06
34.36
27.96
18.33
8.05
11.08
27.86
18.7
24.57
14.63
36.63
38.17
22.47
20.01
28.68
13.86
17.74
17.43
14.32
14.08
19.2
26.66
15.22
34.02
24.89
22.63
47.22
23.49
24.89
19.47
25.03
23.87
20.54
31.87
34.42
16.89
17.35
18.11
24.09
28.87
15.64
16.61
12.54
18.19
23.26
32.34